#044
#0
75009131
#2
2011
#2
 1
#3
9037.93
#4
3931.00
#6
27582.77
#61
748.92
#62
381.28
#63
0.00
#18
34809063711
Nikolai Kobsev
 
0.00
0.00
52.72
159.75
32.61
159.75
4.47
159.75
0.00
#18
35110043714
Vladimir Piispanen
1
288.00
0.00
118.41
358.84
37.54
358.84
10.05
358.84
0.00
#18
35602013714
Andrei Gratðov
1
288.00
0.00
145.08
439.65
59.50
439.65
12.31
439.65
0.00
#18
35701063714
Vadim Bulatnikov
1
288.00
0.00
194.37
589.01
89.99
589.01
16.49
589.01
0.00
#18
35906073719
Vladimir Denissenko
1
143.66
0.00
145.49
428.66
55.46
428.66
12.34
428.66
0.00
#18
35912163724
Vasily Bandurin
1
288.00
0.00
109.57
332.04
37.54
332.04
9.30
332.04
0.00
#18
36209123721
Aleksandr Tihhomirov
1
288.00
0.00
126.95
384.69
48.28
384.69
10.77
384.69
0.00
#18
36301182226
Igor Trifonov
1
288.00
0.00
126.95
384.69
48.28
384.69
10.77
384.69
0.00
#18
36406033711
Vitali Kasperov
1
288.00
0.00
187.52
568.23
83.36
568.23
15.91
568.23
0.00
#18
36901076513
Ivar Feldmann
1
288.00
0.00
115.41
349.72
39.68
349.72
9.79
349.72
0.00
#18
37003100299
Tarmo Kaarik
 
0.00
0.00
126.95
384.69
78.52
384.69
10.77
384.69
0.00
#18
37010162716
Andres Toode
1
288.00
0.00
477.10
1445.75
258.79
1445.75
40.48
1445.75
0.00
#18
37206067019
Vjatðeslav Moþanski
1
239.71
0.00
81.39
246.62
19.58
246.62
6.91
246.62
0.00
#18
37310063716
Deniss Zimin
1
288.00
0.00
180.09
545.74
80.01
545.74
15.28
545.74
0.00
#18
37505113725
Nikolai Markov
1
288.00
0.00
126.95
384.69
47.47
384.69
10.77
384.69
0.00
#18
37905080288
Kalev Saar
1
288.00
0.00
210.78
638.73
97.46
638.73
17.88
638.73
0.00
#18
38706053758
Jevgeni Timoðtðuk
1
288.00
0.00
194.37
589.01
88.75
589.01
16.49
589.01
0.00
#18
39210233719
Vladislav Käkinen
1
4.86
0.00
1.65
5.00
0.00
5.00
0.14
5.00
0.00
#18
39304083750
Martin Laasma
1
4.86
0.00
1.65
5.00
0.00
5.00
0.14
5.00
0.00
#18
39305183746
Edgar Kesvatera
1
4.86
0.00
1.65
5.00
0.00
5.00
0.14
5.00
0.00
#18
44906123722
Galina Lõkova
1
288.00
0.00
210.78
638.73
103.89
638.73
0.00
638.73
0.00
#18
45105063739
Aili Vester
1
288.00
0.00
276.99
839.35
137.56
839.35
23.50
839.35
0.00
#18
45109202214
Valentina Kirsner
1
288.00
0.00
92.63
280.70
25.88
280.70
7.86
280.70
0.00
#18
45206143739
Svetlana Jakovleva
1
288.00
0.00
291.98
884.79
150.36
884.79
24.77
884.79
0.00
#18
45508243731
Galia Druzistseva
1
288.00
0.00
91.75
278.02
26.51
278.02
7.78
278.02
0.00
#18
45511243711
Ljubov Kogan
1
288.00
0.00
92.63
280.70
25.88
280.70
7.86
280.70
0.00
#18
45703013712
Nadezda Korovuskina
1
288.00
0.00
92.63
280.70
27.06
280.70
7.86
280.70
0.00
#18
45805103713
Galina Korobova
1
288.00
0.00
194.37
589.01
88.75
589.01
16.49
589.01
0.00
#18
45806163727
Svetlana Sinjagovskaja
1
288.00
0.00
95.67
289.90
28.93
289.90
8.12
289.90
0.00
#18
45910023714
Liidia Drobot
1
288.00
0.00
91.75
278.02
25.93
278.02
7.78
278.02
0.00
#18
46005023710
Olga Oborotova
1
288.00
0.00
161.03
695.24
68.34
695.24
13.66
695.24
0.00
#18
46005302249
Irina Solodova
1
288.00
0.00
180.09
545.74
81.16
545.74
15.28
545.74
0.00
#18
46007293715
Natalja Mihhailenko
1
288.00
0.00
180.09
545.74
81.16
545.74
15.28
545.74
0.00
#18
46008163715
Olga Melnik
1
288.00
0.00
92.63
280.70
27.06
280.70
7.86
280.70
0.00
#18
46009283718
Galina Skalikova
1
288.00
0.00
69.90
211.82
12.55
211.82
5.93
211.82
0.00
#18
46305183712
Olga Gerassimova
1
144.00
0.00
68.81
208.51
11.88
208.51
5.84
208.51
0.00
#18
46401062210
Inna Drats
1
288.00
0.00
104.59
316.94
33.79
316.94
8.87
316.94
0.00
#18
46409192244
Niina Silantjeva
1
288.00
0.00
276.99
839.35
141.09
839.35
23.50
839.35
0.00
#18
46411163718
Marina Kuvaitseva
1
144.00
0.00
150.20
455.14
61.71
455.14
12.74
455.14
0.00
#18
46506083717
Galina Smirnova
1
288.00
0.00
194.37
589.01
89.99
589.01
16.49
589.01
0.00
#18
46606203720
Elena Sokhrannova
1
288.00
0.00
194.37
589.01
89.99
589.01
16.49
589.01
0.00
#18
46610133716
Nelli Alekseeva
1
288.00
0.00
167.97
509.01
72.59
509.01
14.25
509.01
0.00
#18
46704163738
Svetlana Judina
1
288.00
0.00
153.67
465.66
64.81
465.66
13.04
465.66
0.00
#18
46807273714
Irina Kozevina
1
288.00
0.00
123.00
372.73
45.06
372.73
10.44
372.73
0.00
#18
46907103717
Svetlana Andreeva
1
288.00
0.00
194.37
589.01
88.75
589.01
16.49
589.01
0.00
#18
46911203721
Diana Efendijeva
1
144.00
0.00
116.86
354.12
41.30
354.12
9.92
354.12
0.00
#18
47009147010
Tatjana Klimina
1
288.00
0.00
276.99
839.35
139.33
839.35
23.50
839.35
0.00
#18
47304122769
Gunita Slara
 
0.00
0.00
23.73
71.92
14.68
71.92
2.01
71.92
0.00
#18
47503136514
Merike Ivask
1
288.00
0.00
276.99
839.35
137.56
839.35
23.50
839.35
0.00
#18
47504023711
Liidia Kulikova
1
288.00
0.00
153.67
465.66
63.83
465.66
13.04
465.66
0.00
#18
47702113728
Tatjana Raudsepp
1
288.00
0.00
285.15
864.11
146.14
864.11
24.19
864.11
0.00
#18
48002263717
Jekaterina Averko
 
144.00
0.00
259.38
786.01
126.90
786.01
22.01
786.01
0.00
#18
48110082218
Oksana Nemtsenko
1
288.00
0.00
194.37
589.01
89.99
589.01
16.49
589.01
0.00
#18
48201262220
Anastassia Sokolova
1
288.00
0.00
160.59
486.65
67.05
486.65
13.63
486.65
0.00
#18
48209042245
Jekaterina Muravjova
1
288.00
0.00
194.37
589.01
88.75
589.01
16.49
589.01
0.00
#18
48512063713
Olga Dratð
1
270.35
0.00
92.63
280.70
26.47
280.70
7.86
280.70
0.00
#18
49307253713
Maria Soboleva
1
4.86
0.00
1.65
5.00
0.00
5.00
0.14
5.00
0.00
#18
4931024372
Valeria Kondratjeva
1
4.86
0.00
1.65
5.00
0.00
5.00
0.14
5.00
0.00
#19
35501213732
Mihhail Maluhhin
   
Kangelaste tn. 41-34, 20604 Narva


126.95
384.69
384.69
48.28
26
                    
10.77
384.69
#19
36303252221
Gennadi Kretov
   
Gerassimovi tn. 18-32, 20105 Narva


189.78
575.09
575.09
87.15
26
                    
16.10
575.09
#19
37902233715
Maksim Känksep
   
Narva Rahu38-49


114.86
348.06
348.06
40.07
26
                    
9.75
348.06
